(kicad_pcb (version 20171130) (host pcbnew "(5.0.2)-1")

  (general
    (thickness 1.6)
    (drawings 15)
    (tracks 715)
    (zones 0)
    (modules 52)
    (nets 85)
  )

  (page A4)
  (layers
    (0 F.Cu signal)
    (31 B.Cu signal)
    (32 B.Adhes user)
    (33 F.Adhes user)
    (34 B.Paste user)
    (35 F.Paste user)
    (36 B.SilkS user)
    (37 F.SilkS user)
    (38 B.Mask user)
    (39 F.Mask user)
    (40 Dwgs.User user)
    (41 Cmts.User user)
    (42 Eco1.User user)
    (43 Eco2.User user)
    (44 Edge.Cuts user)
    (45 Margin user)
    (46 B.CrtYd user)
    (47 F.CrtYd user)
    (48 B.Fab user)
    (49 F.Fab user)
  )

  (setup
    (last_trace_width 0.25)
    (trace_clearance 0.2)
    (zone_clearance 0.508)
    (zone_45_only no)
    (trace_min 0.2)
    (segment_width 0.2)
    (edge_width 0.15)
    (via_size 0.8)
    (via_drill 0.4)
    (via_min_size 0.4)
    (via_min_drill 0.3)
    (uvia_size 0.3)
    (uvia_drill 0.1)
    (uvias_allowed no)
    (uvia_min_size 0.2)
    (uvia_min_drill 0.1)
    (pcb_text_width 0.3)
    (pcb_text_size 1.5 1.5)
    (mod_edge_width 0.15)
    (mod_text_size 1 1)
    (mod_text_width 0.15)
    (pad_size 1.524 1.524)
    (pad_drill 0.762)
    (pad_to_mask_clearance 0.051)
    (solder_mask_min_width 0.25)
    (aux_axis_origin 0 0)
    (visible_elements 7FFFFFFF)
    (pcbplotparams
      (layerselection 0x010fc_ffffffff)
      (usegerberextensions false)
      (usegerberattributes false)
      (usegerberadvancedattributes false)
      (creategerberjobfile false)
      (excludeedgelayer true)
      (linewidth 0.100000)
      (plotframeref false)
      (viasonmask false)
      (mode 1)
      (useauxorigin false)
      (hpglpennumber 1)
      (hpglpenspeed 20)
      (hpglpendiameter 15.000000)
      (psnegative false)
      (psa4output false)
      (plotreference true)
      (plotvalue true)
      (plotinvisibletext false)
      (padsonsilk false)
      (subtractmaskfromsilk false)
      (outputformat 1)
      (mirror false)
      (drillshape 0)
      (scaleselection 1)
      (outputdirectory "gerbers"))
  )

  (net 0 "")
  (net 1 GND)
  (net 2 "Net-(C1-Pad1)")
  (net 3 "Net-(C2-Pad1)")
  (net 4 "Net-(C3-Pad1)")
  (net 5 VCC)
  (net 6 "Net-(D1-Pad2)")
  (net 7 /Col0)
  (net 8 /Col1)
  (net 9 "Net-(D2-Pad2)")
  (net 10 "Net-(D3-Pad2)")
  (net 11 "Net-(D4-Pad2)")
  (net 12 /PE6)
  (net 13 "Net-(IC1-Pad3)")
  (net 14 "Net-(IC1-Pad4)")
  (net 15 /PB0)
  (net 16 /SCLK)
  (net 17 /MOSI)
  (net 18 /MISO)
  (net 19 /PB7)
  (net 20 /~RES)
  (net 21 /SCL)
  (net 22 /SDA)
  (net 23 /PD1)
  (net 24 /PD2)
  (net 25 /PD5)
  (net 26 /PD4)
  (net 27 /PB4)
  (net 28 /PB5)
  (net 29 /PB6)
  (net 30 /Row1)
  (net 31 /Row0)
  (net 32 "Net-(IC1-Pad33)")
  (net 33 /PF7)
  (net 34 /PF6)
  (net 35 /PF5)
  (net 36 /PF4)
  (net 37 /PF1)
  (net 38 /PF0)
  (net 39 "Net-(IC1-Pad42)")
  (net 40 "Net-(J1-Pad4)")
  (net 41 "Net-(J1-Pad2)")
  (net 42 "Net-(J1-Pad3)")
  (net 43 "Net-(LC1-Pad1)")
  (net 44 "Net-(LC2-Pad1)")
  (net 45 "Net-(LC3-Pad1)")
  (net 46 "Net-(LED1-Pad1)")
  (net 47 /light_controller/LED_COL0)
  (net 48 /light_controller/LED_COL1)
  (net 49 "Net-(LED2-Pad1)")
  (net 50 "Net-(LED3-Pad1)")
  (net 51 "Net-(LED4-Pad1)")
  (net 52 "Net-(LIC1-Pad42)")
  (net 53 /light_controller/LPF0)
  (net 54 /light_controller/LPF1)
  (net 55 /light_controller/LPF4)
  (net 56 /light_controller/LPF5)
  (net 57 /light_controller/LPF6)
  (net 58 /light_controller/LPF7)
  (net 59 "Net-(LIC1-Pad33)")
  (net 60 /light_controller/LED_ROW0)
  (net 61 /light_controller/LED_ROW1)
  (net 62 /light_controller/LPB6)
  (net 63 /light_controller/LPB5)
  (net 64 /light_controller/LPB4)
  (net 65 /light_controller/LPD4)
  (net 66 /light_controller/LPD5)
  (net 67 /light_controller/LPD2)
  (net 68 /light_controller/LPD1)
  (net 69 /light_controller/~LRES)
  (net 70 /light_controller/LPB7)
  (net 71 /light_controller/LMISO)
  (net 72 /light_controller/LMOSI)
  (net 73 /light_controller/LSCLK)
  (net 74 /light_controller/LPB0)
  (net 75 "Net-(LIC1-Pad4)")
  (net 76 "Net-(LIC1-Pad3)")
  (net 77 /light_controller/LPE6)
  (net 78 "Net-(LJ1-Pad3)")
  (net 79 "Net-(LJ1-Pad2)")
  (net 80 "Net-(LJ1-Pad4)")
  (net 81 "Net-(LS1-Pad2)")
  (net 82 "Net-(LS1-Pad4)")
  (net 83 "Net-(S0-Pad4)")
  (net 84 "Net-(S0-Pad2)")

  (net_class Default "This is the default net class."
    (clearance 0.2)
    (trace_width 0.25)
    (via_dia 0.8)
    (via_drill 0.4)
    (uvia_dia 0.3)
    (uvia_drill 0.1)
    (add_net /Col0)
    (add_net /Col1)
    (add_net /MISO)
    (add_net /MOSI)
    (add_net /PB0)
    (add_net /PB4)
    (add_net /PB5)
    (add_net /PB6)
    (add_net /PB7)
    (add_net /PD1)
    (add_net /PD2)
    (add_net /PD4)
    (add_net /PD5)
    (add_net /PE6)
    (add_net /PF0)
    (add_net /PF1)
    (add_net /PF4)
    (add_net /PF5)
    (add_net /PF6)
    (add_net /PF7)
    (add_net /Row0)
    (add_net /Row1)
    (add_net /SCL)
    (add_net /SCLK)
    (add_net /SDA)
    (add_net /light_controller/LED_COL0)
    (add_net /light_controller/LED_COL1)
    (add_net /light_controller/LED_ROW0)
    (add_net /light_controller/LED_ROW1)
    (add_net /light_controller/LMISO)
    (add_net /light_controller/LMOSI)
    (add_net /light_controller/LPB0)
    (add_net /light_controller/LPB4)
    (add_net /light_controller/LPB5)
    (add_net /light_controller/LPB6)
    (add_net /light_controller/LPB7)
    (add_net /light_controller/LPD1)
    (add_net /light_controller/LPD2)
    (add_net /light_controller/LPD4)
    (add_net /light_controller/LPD5)
    (add_net /light_controller/LPE6)
    (add_net /light_controller/LPF0)
    (add_net /light_controller/LPF1)
    (add_net /light_controller/LPF4)
    (add_net /light_controller/LPF5)
    (add_net /light_controller/LPF6)
    (add_net /light_controller/LPF7)
    (add_net /light_controller/LSCLK)
    (add_net /light_controller/~LRES)
    (add_net /~RES)
    (add_net GND)
    (add_net "Net-(C1-Pad1)")
    (add_net "Net-(C2-Pad1)")
    (add_net "Net-(C3-Pad1)")
    (add_net "Net-(D1-Pad2)")
    (add_net "Net-(D2-Pad2)")
    (add_net "Net-(D3-Pad2)")
    (add_net "Net-(D4-Pad2)")
    (add_net "Net-(IC1-Pad3)")
    (add_net "Net-(IC1-Pad33)")
    (add_net "Net-(IC1-Pad4)")
    (add_net "Net-(IC1-Pad42)")
    (add_net "Net-(J1-Pad2)")
    (add_net "Net-(J1-Pad3)")
    (add_net "Net-(J1-Pad4)")
    (add_net "Net-(LC1-Pad1)")
    (add_net "Net-(LC2-Pad1)")
    (add_net "Net-(LC3-Pad1)")
    (add_net "Net-(LED1-Pad1)")
    (add_net "Net-(LED2-Pad1)")
    (add_net "Net-(LED3-Pad1)")
    (add_net "Net-(LED4-Pad1)")
    (add_net "Net-(LIC1-Pad3)")
    (add_net "Net-(LIC1-Pad33)")
    (add_net "Net-(LIC1-Pad4)")
    (add_net "Net-(LIC1-Pad42)")
    (add_net "Net-(LJ1-Pad2)")
    (add_net "Net-(LJ1-Pad3)")
    (add_net "Net-(LJ1-Pad4)")
    (add_net "Net-(LS1-Pad2)")
    (add_net "Net-(LS1-Pad4)")
    (add_net "Net-(S0-Pad2)")
    (add_net "Net-(S0-Pad4)")
    (add_net VCC)
  )

  (module Capacitor_SMD:C_0805_2012Metric_Pad1.15x1.40mm_HandSolder (layer B.Cu) (tedit 5B36C52B) (tstamp 5C7E3B1E)
    (at 95.504 69.088 90)
    (descr "Capacitor SMD 0805 (2012 Metric), square (rectangular) end terminal, IPC_7351 nominal with elongated pad for handsoldering. (Body size source: https://docs.google.com/spreadsheets/d/1BsfQQcO9C6DZCsRaXUlFlo91Tg2WpOkGARC1WS5S8t0/edit?usp=sharing), generated with kicad-footprint-generator")
    (tags "capacitor handsolder")
    (path /5C38913C/5C39B35A)
    (attr smd)
    (fp_text reference LC7 (at 0 1.65 90) (layer B.SilkS)
      (effects (font (size 1 1) (thickness 0.15)) (justify mirror))
    )
    (fp_text value 100nF (at 0 -1.65 90) (layer B.Fab)
      (effects (font (size 1 1) (thickness 0.15)) (justify mirror))
    )
    (fp_text user %R (at 0 0 90) (layer B.Fab)
      (effects (font (size 0.5 0.5) (thickness 0.08)) (justify mirror))
    )
    (fp_line (start 1.85 -0.95) (end -1.85 -0.95) (layer B.CrtYd) (width 0.05))
    (fp_line (start 1.85 0.95) (end 1.85 -0.95) (layer B.CrtYd) (width 0.05))
    (fp_line (start -1.85 0.95) (end 1.85 0.95) (layer B.CrtYd) (width 0.05))
    (fp_line (start -1.85 -0.95) (end -1.85 0.95) (layer B.CrtYd) (width 0.05))
    (fp_line (start -0.261252 -0.71) (end 0.261252 -0.71) (layer B.SilkS) (width 0.12))
    (fp_line (start -0.261252 0.71) (end 0.261252 0.71) (layer B.SilkS) (width 0.12))
    (fp_line (start 1 -0.6) (end -1 -0.6) (layer B.Fab) (width 0.1))
    (fp_line (start 1 0.6) (end 1 -0.6) (layer B.Fab) (width 0.1))
    (fp_line (start -1 0.6) (end 1 0.6) (layer B.Fab) (width 0.1))
    (fp_line (start -1 -0.6) (end -1 0.6) (layer B.Fab) (width 0.1))
    (pad 2 smd roundrect (at 1.025 0 90) (size 1.15 1.4) (layers B.Cu B.Paste B.Mask) (roundrect_rratio 0.217391)
      (net 1 GND))
    (pad 1 smd roundrect (at -1.025 0 90) (size 1.15 1.4) (layers B.Cu B.Paste B.Mask) (roundrect_rratio 0.217391)
      (net 5 VCC))
    (model ${KISYS3DMOD}/Capacitor_SMD.3dshapes/C_0805_2012Metric.wrl
      (at (xyz 0 0 0))
      (scale (xyz 1 1 1))
      (rotate (xyz 0 0 0))
    )
  )

  (module USB:DX_USB (layer B.Cu) (tedit 577B62B1) (tstamp 5C7BD326)
    (at 100.584 16.256 270)
    (descr "USB MINI-B HOLE MOUNTED")
    (tags "USB MINI-B HOLE MOUNTED")
    (path /5C38913C/5C39B24F)
    (attr virtual)
    (fp_text reference LJ1 (at 6.61416 4.6736 180) (layer F.SilkS)
      (effects (font (size 1.27 1.27) (thickness 0.0889)))
    )
    (fp_text value USBMINI_B05 (at 0 0 270) (layer B.SilkS) hide
      (effects (font (size 1.524 1.524) (thickness 0.15)) (justify mirror))
    )
    (fp_line (start 3.24866 2.99974) (end 5.74802 2.99974) (layer B.SilkS) (width 0.06604))
    (fp_line (start 5.74802 2.99974) (end 5.74802 4.39928) (layer B.SilkS) (width 0.06604))
    (fp_line (start 3.24866 4.39928) (end 5.74802 4.39928) (layer B.SilkS) (width 0.06604))
    (fp_line (start 3.24866 2.99974) (end 3.24866 4.39928) (layer B.SilkS) (width 0.06604))
    (fp_line (start 3.24866 -4.39928) (end 5.74802 -4.39928) (layer B.SilkS) (width 0.06604))
    (fp_line (start 5.74802 -4.39928) (end 5.74802 -2.99974) (layer B.SilkS) (width 0.06604))
    (fp_line (start 3.24866 -2.99974) (end 5.74802 -2.99974) (layer B.SilkS) (width 0.06604))
    (fp_line (start 3.24866 -4.39928) (end 3.24866 -2.99974) (layer B.SilkS) (width 0.06604))
    (fp_line (start -3.74904 -3.0988) (end -1.42494 -3.0988) (layer B.SilkS) (width 0.06604))
    (fp_line (start -1.42494 -3.0988) (end -1.42494 3.0988) (layer B.SilkS) (width 0.06604))
    (fp_line (start -3.74904 3.0988) (end -1.42494 3.0988) (layer B.SilkS) (width 0.06604))
    (fp_line (start -3.74904 -3.0988) (end -3.74904 3.0988) (layer B.SilkS) (width 0.06604))
    (fp_line (start -1.42494 -2.3241) (end -0.6477 -2.3241) (layer B.SilkS) (width 0.06604))
    (fp_line (start -0.6477 -2.3241) (end -0.6477 2.3241) (layer B.SilkS) (width 0.06604))
    (fp_line (start -1.42494 2.3241) (end -0.6477 2.3241) (layer B.SilkS) (width 0.06604))
    (fp_line (start -1.42494 -2.3241) (end -1.42494 2.3241) (layer B.SilkS) (width 0.06604))
    (fp_line (start -3.74904 3.8989) (end -3.74904 -3.8989) (layer B.SilkS) (width 0.127))
    (fp_line (start 5.24764 3.8989) (end 5.24764 -3.8989) (layer B.SilkS) (width 0.127))
    (fp_line (start -3.74904 3.8989) (end 5.24764 3.8989) (layer B.SilkS) (width 0.127))
    (fp_line (start -3.74904 -3.8989) (end 5.24764 -3.8989) (layer B.SilkS) (width 0.127))
    (fp_line (start 0.7493 3.49758) (end -3.24866 2.99974) (layer B.SilkS) (width 0.127))
    (fp_line (start -3.24866 2.99974) (end -3.24866 1.99898) (layer B.SilkS) (width 0.127))
    (fp_line (start -3.24866 1.99898) (end 0.7493 1.4986) (layer B.SilkS) (width 0.127))
    (fp_line (start 1.24968 -3.49758) (end -3.24866 -2.99974) (layer B.SilkS) (width 0.127))
    (fp_line (start -3.24866 -2.99974) (end -3.24866 -1.99898) (layer B.SilkS) (width 0.127))
    (fp_line (start -3.24866 -1.99898) (end 1.24968 -1.4986) (layer B.SilkS) (width 0.127))
    (fp_line (start -3.24866 1.24968) (end 1.74752 0.7493) (layer B.SilkS) (width 0.127))
    (fp_line (start 1.74752 0.7493) (end 1.74752 -0.7493) (layer B.SilkS) (width 0.127))
    (fp_line (start 1.74752 -0.7493) (end -3.24866 -1.24968) (layer B.SilkS) (width 0.127))
    (pad 3 thru_hole circle (at 5.09778 0 270) (size 1.30556 1.30556) (drill 0.79756) (layers *.Cu B.Paste B.SilkS B.Mask)
      (net 78 "Net-(LJ1-Pad3)"))
    (pad 2 thru_hole circle (at 3.8989 0.79756 270) (size 1.30556 1.30556) (drill 0.79756) (layers *.Cu B.Paste B.SilkS B.Mask)
      (net 79 "Net-(LJ1-Pad2)"))
    (pad 5 thru_hole circle (at 5.09778 -1.59766 270) (size 1.30556 1.30556) (drill 0.79756) (layers *.Cu B.Paste B.SilkS B.Mask)
      (net 1 GND))
    (pad 4 thru_hole circle (at 3.8989 -0.79756 270) (size 1.30556 1.30556) (drill 0.79756) (layers *.Cu B.Paste B.SilkS B.Mask)
      (net 80 "Net-(LJ1-Pad4)"))
    (pad "" thru_hole circle (at -0.508 -3.556 270) (size 2 2) (drill 1.5) (layers *.Cu B.Paste B.SilkS B.Mask))
    (pad "" thru_hole circle (at -0.508 3.556 270) (size 2 2) (drill 1.5) (layers *.Cu B.Paste B.SilkS B.Mask))
    (pad 1 thru_hole circle (at 5.09778 1.59766 270) (size 1.30556 1.30556) (drill 0.79756) (layers *.Cu B.Paste B.SilkS B.Mask)
      (net 5 VCC))
    (pad "" thru_hole circle (at 4.064 3.556 270) (size 2 2) (drill 1.5) (layers *.Cu B.Paste B.SilkS B.Mask))
    (pad "" thru_hole circle (at 4.064 -3.556 270) (size 2 2) (drill 1.5) (layers *.Cu B.Paste B.SilkS B.Mask))
  )

  (module Capacitor_SMD:C_0805_2012Metric_Pad1.15x1.40mm_HandSolder (layer B.Cu) (tedit 5C243C67) (tstamp 5C7D74AF)
    (at 72.136 88.9)
    (descr "Capacitor SMD 0805 (2012 Metric), square (rectangular) end terminal, IPC_7351 nominal with elongated pad for handsoldering. (Body size source: https://docs.google.com/spreadsheets/d/1BsfQQcO9C6DZCsRaXUlFlo91Tg2WpOkGARC1WS5S8t0/edit?usp=sharing), generated with kicad-footprint-generator")
    (tags "capacitor handsolder")
    (path /5C26D500)
    (attr smd)
    (fp_text reference C6 (at 0 1.65) (layer B.SilkS)
      (effects (font (size 1 1) (thickness 0.15)) (justify mirror))
    )
    (fp_text value 100nF (at 0 -1.65) (layer B.Fab)
      (effects (font (size 1 1) (thickness 0.15)) (justify mirror))
    )
    (fp_text user %R (at 0 0) (layer B.Fab)
      (effects (font (size 0.5 0.5) (thickness 0.08)) (justify mirror))
    )
    (fp_line (start 1.85 -0.95) (end -1.85 -0.95) (layer B.CrtYd) (width 0.05))
    (fp_line (start 1.85 0.95) (end 1.85 -0.95) (layer B.CrtYd) (width 0.05))
    (fp_line (start -1.85 0.95) (end 1.85 0.95) (layer B.CrtYd) (width 0.05))
    (fp_line (start -1.85 -0.95) (end -1.85 0.95) (layer B.CrtYd) (width 0.05))
    (fp_line (start -0.261252 -0.71) (end 0.261252 -0.71) (layer B.SilkS) (width 0.12))
    (fp_line (start -0.261252 0.71) (end 0.261252 0.71) (layer B.SilkS) (width 0.12))
    (fp_line (start 1 -0.6) (end -1 -0.6) (layer B.Fab) (width 0.1))
    (fp_line (start 1 0.6) (end 1 -0.6) (layer B.Fab) (width 0.1))
    (fp_line (start -1 0.6) (end 1 0.6) (layer B.Fab) (width 0.1))
    (fp_line (start -1 -0.6) (end -1 0.6) (layer B.Fab) (width 0.1))
    (pad 2 smd roundrect (at 1.025 0) (size 1.15 1.4) (layers B.Cu B.Paste B.Mask) (roundrect_rratio 0.217391)
      (net 1 GND))
    (pad 1 smd roundrect (at -1.025 0) (size 1.15 1.4) (layers B.Cu B.Paste B.Mask) (roundrect_rratio 0.217391)
      (net 5 VCC))
    (model ${KISYS3DMOD}/Capacitor_SMD.3dshapes/C_0805_2012Metric.wrl
      (at (xyz 0 0 0))
      (scale (xyz 1 1 1))
      (rotate (xyz 0 0 0))
    )
  )

  (module Resistor_SMD:R_0805_2012Metric_Pad1.15x1.40mm_HandSolder (layer B.Cu) (tedit 5B36C52B) (tstamp 5C7AA3E5)
    (at 76.962 90.678 180)
    (descr "Resistor SMD 0805 (2012 Metric), square (rectangular) end terminal, IPC_7351 nominal with elongated pad for handsoldering. (Body size source: https://docs.google.com/spreadsheets/d/1BsfQQcO9C6DZCsRaXUlFlo91Tg2WpOkGARC1WS5S8t0/edit?usp=sharing), generated with kicad-footprint-generator")
    (tags "resistor handsolder")
    (path /5C2CD85E)
    (attr smd)
    (fp_text reference R4 (at 0 1.65 180) (layer B.SilkS)
      (effects (font (size 1 1) (thickness 0.15)) (justify mirror))
    )
    (fp_text value 4K7 (at 0 -1.65 180) (layer B.Fab)
      (effects (font (size 1 1) (thickness 0.15)) (justify mirror))
    )
    (fp_line (start -1 -0.6) (end -1 0.6) (layer B.Fab) (width 0.1))
    (fp_line (start -1 0.6) (end 1 0.6) (layer B.Fab) (width 0.1))
    (fp_line (start 1 0.6) (end 1 -0.6) (layer B.Fab) (width 0.1))
    (fp_line (start 1 -0.6) (end -1 -0.6) (layer B.Fab) (width 0.1))
    (fp_line (start -0.261252 0.71) (end 0.261252 0.71) (layer B.SilkS) (width 0.12))
    (fp_line (start -0.261252 -0.71) (end 0.261252 -0.71) (layer B.SilkS) (width 0.12))
    (fp_line (start -1.85 -0.95) (end -1.85 0.95) (layer B.CrtYd) (width 0.05))
    (fp_line (start -1.85 0.95) (end 1.85 0.95) (layer B.CrtYd) (width 0.05))
    (fp_line (start 1.85 0.95) (end 1.85 -0.95) (layer B.CrtYd) (width 0.05))
    (fp_line (start 1.85 -0.95) (end -1.85 -0.95) (layer B.CrtYd) (width 0.05))
    (fp_text user %R (at 0 0 180) (layer B.Fab)
      (effects (font (size 0.5 0.5) (thickness 0.08)) (justify mirror))
    )
    (pad 1 smd roundrect (at -1.025 0 180) (size 1.15 1.4) (layers B.Cu B.Paste B.Mask) (roundrect_rratio 0.217391)
      (net 5 VCC))
    (pad 2 smd roundrect (at 1.025 0 180) (size 1.15 1.4) (layers B.Cu B.Paste B.Mask) (roundrect_rratio 0.217391)
      (net 22 /SDA))
    (model ${KISYS3DMOD}/Resistor_SMD.3dshapes/R_0805_2012Metric.wrl
      (at (xyz 0 0 0))
      (scale (xyz 1 1 1))
      (rotate (xyz 0 0 0))
    )
  )

  (module Package_QFP:TQFP-44_10x10mm_P0.8mm (layer B.Cu) (tedit 5C243D41) (tstamp 5C79EC58)
    (at 68.58 78.74 270)
    (descr "44-Lead Plastic Thin Quad Flatpack (PT) - 10x10x1.0 mm Body [TQFP] (see Microchip Packaging Specification 00000049BS.pdf)")
    (tags "QFP 0.8")
    (path /5C240669)
    (attr smd)
    (fp_text reference IC1 (at 0 0 270) (layer B.SilkS)
      (effects (font (size 1 1) (thickness 0.15)) (justify mirror))
    )
    (fp_text value ATMEGA32U4 (at 0 -7.45 270) (layer B.Fab)
      (effects (font (size 1 1) (thickness 0.15)) (justify mirror))
    )
    (fp_text user %R (at 0 0 270) (layer B.Fab)
      (effects (font (size 1 1) (thickness 0.15)) (justify mirror))
    )
    (fp_line (start -4 5) (end 5 5) (layer B.Fab) (width 0.15))
    (fp_line (start 5 5) (end 5 -5) (layer B.Fab) (width 0.15))
    (fp_line (start 5 -5) (end -5 -5) (layer B.Fab) (width 0.15))
    (fp_line (start -5 -5) (end -5 4) (layer B.Fab) (width 0.15))
    (fp_line (start -5 4) (end -4 5) (layer B.Fab) (width 0.15))
    (fp_line (start -6.7 6.7) (end -6.7 -6.7) (layer B.CrtYd) (width 0.05))
    (fp_line (start 6.7 6.7) (end 6.7 -6.7) (layer B.CrtYd) (width 0.05))
    (fp_line (start -6.7 6.7) (end 6.7 6.7) (layer B.CrtYd) (width 0.05))
    (fp_line (start -6.7 -6.7) (end 6.7 -6.7) (layer B.CrtYd) (width 0.05))
    (fp_line (start -5.175 5.175) (end -5.175 4.6) (layer B.SilkS) (width 0.15))
    (fp_line (start 5.175 5.175) (end 5.175 4.5) (layer B.SilkS) (width 0.15))
    (fp_line (start 5.175 -5.175) (end 5.175 -4.5) (layer B.SilkS) (width 0.15))
    (fp_line (start -5.175 -5.175) (end -5.175 -4.5) (layer B.SilkS) (width 0.15))
    (fp_line (start -5.175 5.175) (end -4.5 5.175) (layer B.SilkS) (width 0.15))
    (fp_line (start -5.175 -5.175) (end -4.5 -5.175) (layer B.SilkS) (width 0.15))
    (fp_line (start 5.175 -5.175) (end 4.5 -5.175) (layer B.SilkS) (width 0.15))
    (fp_line (start 5.175 5.175) (end 4.5 5.175) (layer B.SilkS) (width 0.15))
    (fp_line (start -5.175 4.6) (end -6.45 4.6) (layer B.SilkS) (width 0.15))
    (pad 1 smd rect (at -5.7 4 270) (size 1.5 0.55) (layers B.Cu B.Paste B.Mask)
      (net 12 /PE6))
    (pad 2 smd rect (at -5.7 3.2 270) (size 1.5 0.55) (layers B.Cu B.Paste B.Mask)
      (net 5 VCC))
    (pad 3 smd rect (at -5.7 2.4 270) (size 1.5 0.55) (layers B.Cu B.Paste B.Mask)
      (net 13 "Net-(IC1-Pad3)"))
    (pad 4 smd rect (at -5.7 1.6 270) (size 1.5 0.55) (layers B.Cu B.Paste B.Mask)
      (net 14 "Net-(IC1-Pad4)"))
    (pad 5 smd rect (at -5.7 0.8 270) (size 1.5 0.55) (layers B.Cu B.Paste B.Mask)
      (net 1 GND))
    (pad 6 smd rect (at -5.7 0 270) (size 1.5 0.55) (layers B.Cu B.Paste B.Mask)
      (net 4 "Net-(C3-Pad1)"))
    (pad 7 smd rect (at -5.7 -0.8 270) (size 1.5 0.55) (layers B.Cu B.Paste B.Mask)
      (net 5 VCC))
    (pad 8 smd rect (at -5.7 -1.6 270) (size 1.5 0.55) (layers B.Cu B.Paste B.Mask)
      (net 15 /PB0))
    (pad 9 smd rect (at -5.7 -2.4 270) (size 1.5 0.55) (layers B.Cu B.Paste B.Mask)
      (net 16 /SCLK))
    (pad 10 smd rect (at -5.7 -3.2 270) (size 1.5 0.55) (layers B.Cu B.Paste B.Mask)
      (net 17 /MOSI))
    (pad 11 smd rect (at -5.7 -4 270) (size 1.5 0.55) (layers B.Cu B.Paste B.Mask)
      (net 18 /MISO))
    (pad 12 smd rect (at -4 -5.7 180) (size 1.5 0.55) (layers B.Cu B.Paste B.Mask)
      (net 19 /PB7))
    (pad 13 smd rect (at -3.2 -5.7 180) (size 1.5 0.55) (layers B.Cu B.Paste B.Mask)
      (net 20 /~RES))
    (pad 14 smd rect (at -2.4 -5.7 180) (size 1.5 0.55) (layers B.Cu B.Paste B.Mask)
      (net 5 VCC))
    (pad 15 smd rect (at -1.6 -5.7 180) (size 1.5 0.55) (layers B.Cu B.Paste B.Mask)
      (net 1 GND))
    (pad 16 smd rect (at -0.8 -5.7 180) (size 1.5 0.55) (layers B.Cu B.Paste B.Mask)
      (net 2 "Net-(C1-Pad1)"))
    (pad 17 smd rect (at 0 -5.7 180) (size 1.5 0.55) (layers B.Cu B.Paste B.Mask)
      (net 3 "Net-(C2-Pad1)"))
    (pad 18 smd rect (at 0.8 -5.7 180) (size 1.5 0.55) (layers B.Cu B.Paste B.Mask)
      (net 21 /SCL))
    (pad 19 smd rect (at 1.6 -5.7 180) (size 1.5 0.55) (layers B.Cu B.Paste B.Mask)
      (net 22 /SDA))
    (pad 20 smd rect (at 2.4 -5.7 180) (size 1.5 0.55) (layers B.Cu B.Paste B.Mask)
      (net 23 /PD1))
    (pad 21 smd rect (at 3.2 -5.7 180) (size 1.5 0.55) (layers B.Cu B.Paste B.Mask)
      (net 24 /PD2))
    (pad 22 smd rect (at 4 -5.7 180) (size 1.5 0.55) (layers B.Cu B.Paste B.Mask)
      (net 25 /PD5))
    (pad 23 smd rect (at 5.7 -4 270) (size 1.5 0.55) (layers B.Cu B.Paste B.Mask)
      (net 1 GND))
    (pad 24 smd rect (at 5.7 -3.2 270) (size 1.5 0.55) (layers B.Cu B.Paste B.Mask)
      (net 5 VCC))
    (pad 25 smd rect (at 5.7 -2.4 270) (size 1.5 0.55) (layers B.Cu B.Paste B.Mask)
      (net 26 /PD4))
    (pad 26 smd rect (at 5.7 -1.6 270) (size 1.5 0.55) (layers B.Cu B.Paste B.Mask)
      (net 8 /Col1))
    (pad 27 smd rect (at 5.7 -0.8 270) (size 1.5 0.55) (layers B.Cu B.Paste B.Mask)
      (net 7 /Col0))
    (pad 28 smd rect (at 5.7 0 270) (size 1.5 0.55) (layers B.Cu B.Paste B.Mask)
      (net 27 /PB4))
    (pad 29 smd rect (at 5.7 0.8 270) (size 1.5 0.55) (layers B.Cu B.Paste B.Mask)
      (net 28 /PB5))
    (pad 30 smd rect (at 5.7 1.6 270) (size 1.5 0.55) (layers B.Cu B.Paste B.Mask)
      (net 29 /PB6))
    (pad 31 smd rect (at 5.7 2.4 270) (size 1.5 0.55) (layers B.Cu B.Paste B.Mask)
      (net 30 /Row1))
    (pad 32 smd rect (at 5.7 3.2 270) (size 1.5 0.55) (layers B.Cu B.Paste B.Mask)
      (net 31 /Row0))
    (pad 33 smd rect (at 5.7 4 270) (size 1.5 0.55) (layers B.Cu B.Paste B.Mask)
      (net 32 "Net-(IC1-Pad33)"))
    (pad 34 smd rect (at 4 5.7 180) (size 1.5 0.55) (layers B.Cu B.Paste B.Mask)
      (net 5 VCC))
    (pad 35 smd rect (at 3.2 5.7 180) (size 1.5 0.55) (layers B.Cu B.Paste B.Mask)
      (net 1 GND))
    (pad 36 smd rect (at 2.4 5.7 180) (size 1.5 0.55) (layers B.Cu B.Paste B.Mask)
      (net 33 /PF7))
    (pad 37 smd rect (at 1.6 5.7 180) (size 1.5 0.55) (layers B.Cu B.Paste B.Mask)
      (net 34 /PF6))
    (pad 38 smd rect (at 0.8 5.7 180) (size 1.5 0.55) (layers B.Cu B.Paste B.Mask)
      (net 35 /PF5))
    (pad 39 smd rect (at 0 5.7 180) (size 1.5 0.55) (layers B.Cu B.Paste B.Mask)
      (net 36 /PF4))
    (pad 40 smd rect (at -0.8 5.7 180) (size 1.5 0.55) (layers B.Cu B.Paste B.Mask)
      (net 37 /PF1))
    (pad 41 smd rect (at -1.6 5.7 180) (size 1.5 0.55) (layers B.Cu B.Paste B.Mask)
      (net 38 /PF0))
    (pad 42 smd rect (at -2.4 5.7 180) (size 1.5 0.55) (layers B.Cu B.Paste B.Mask)
      (net 39 "Net-(IC1-Pad42)"))
    (pad 43 smd rect (at -3.2 5.7 180) (size 1.5 0.55) (layers B.Cu B.Paste B.Mask)
      (net 1 GND))
    (pad 44 smd rect (at -4 5.7 180) (size 1.5 0.55) (layers B.Cu B.Paste B.Mask)
      (net 5 VCC))
    (model ${KISYS3DMOD}/Package_QFP.3dshapes/TQFP-44_10x10mm_P0.8mm.wrl
      (at (xyz 0 0 0))
      (scale (xyz 1 1 1))
      (rotate (xyz 0 0 0))
    )
  )

  (module Crystal:Crystal_HC49-U_Vertical (layer B.Cu) (tedit 5A1AD3B8) (tstamp 5C7C0B61)
    (at 81.026 75.946 270)
    (descr "Crystal THT HC-49/U http://5hertz.com/pdfs/04404_D.pdf")
    (tags "THT crystalHC-49/U")
    (path /5C23D799)
    (fp_text reference Y1 (at 2.44 3.525 270) (layer B.SilkS)
      (effects (font (size 1 1) (thickness 0.15)) (justify mirror))
    )
    (fp_text value Crystal (at 2.44 -3.525 270) (layer B.Fab)
      (effects (font (size 1 1) (thickness 0.15)) (justify mirror))
    )
    (fp_text user %R (at 2.44 0 270) (layer B.Fab)
      (effects (font (size 1 1) (thickness 0.15)) (justify mirror))
    )
    (fp_line (start -0.685 2.325) (end 5.565 2.325) (layer B.Fab) (width 0.1))
    (fp_line (start -0.685 -2.325) (end 5.565 -2.325) (layer B.Fab) (width 0.1))
    (fp_line (start -0.56 2) (end 5.44 2) (layer B.Fab) (width 0.1))
    (fp_line (start -0.56 -2) (end 5.44 -2) (layer B.Fab) (width 0.1))
    (fp_line (start -0.685 2.525) (end 5.565 2.525) (layer B.SilkS) (width 0.12))
    (fp_line (start -0.685 -2.525) (end 5.565 -2.525) (layer B.SilkS) (width 0.12))
    (fp_line (start -3.5 2.8) (end -3.5 -2.8) (layer B.CrtYd) (width 0.05))
    (fp_line (start -3.5 -2.8) (end 8.4 -2.8) (layer B.CrtYd) (width 0.05))
    (fp_line (start 8.4 -2.8) (end 8.4 2.8) (layer B.CrtYd) (width 0.05))
    (fp_line (start 8.4 2.8) (end -3.5 2.8) (layer B.CrtYd) (width 0.05))
    (fp_arc (start -0.685 0) (end -0.685 2.325) (angle 180) (layer B.Fab) (width 0.1))
    (fp_arc (start 5.565 0) (end 5.565 2.325) (angle -180) (layer B.Fab) (width 0.1))
    (fp_arc (start -0.56 0) (end -0.56 2) (angle 180) (layer B.Fab) (width 0.1))
    (fp_arc (start 5.44 0) (end 5.44 2) (angle -180) (layer B.Fab) (width 0.1))
    (fp_arc (start -0.685 0) (end -0.685 2.525) (angle 180) (layer B.SilkS) (width 0.12))
    (fp_arc (start 5.565 0) (end 5.565 2.525) (angle -180) (layer B.SilkS) (width 0.12))
    (pad 1 thru_hole circle (at 0 0 270) (size 1.5 1.5) (drill 0.8) (layers *.Cu *.Mask)
      (net 2 "Net-(C1-Pad1)"))
    (pad 2 thru_hole circle (at 4.88 0 270) (size 1.5 1.5) (drill 0.8) (layers *.Cu *.Mask)
      (net 3 "Net-(C2-Pad1)"))
    (model ${KISYS3DMOD}/Crystal.3dshapes/Crystal_HC49-U_Vertical.wrl
      (at (xyz 0 0 0))
      (scale (xyz 1 1 1))
      (rotate (xyz 0 0 0))
    )
  )

  (module Diode_SMD:D_0805_2012Metric_Pad1.15x1.40mm_HandSolder (layer B.Cu) (tedit 5B4B45C8) (tstamp 5C79D4EC)
    (at 71.12 52.07 90)
    (descr "Diode SMD 0805 (2012 Metric), square (rectangular) end terminal, IPC_7351 nominal, (Body size source: https://docs.google.com/spreadsheets/d/1BsfQQcO9C6DZCsRaXUlFlo91Tg2WpOkGARC1WS5S8t0/edit?usp=sharing), generated with kicad-footprint-generator")
    (tags "diode handsolder")
    (path /5C36762A/5C36EB68)
    (attr smd)
    (fp_text reference D4 (at 0 1.65 90) (layer B.SilkS)
      (effects (font (size 1 1) (thickness 0.15)) (justify mirror))
    )
    (fp_text value DIODE (at 0 -1.65 90) (layer B.Fab)
      (effects (font (size 1 1) (thickness 0.15)) (justify mirror))
    )
    (fp_line (start 1 0.6) (end -0.7 0.6) (layer B.Fab) (width 0.1))
    (fp_line (start -0.7 0.6) (end -1 0.3) (layer B.Fab) (width 0.1))
    (fp_line (start -1 0.3) (end -1 -0.6) (layer B.Fab) (width 0.1))
    (fp_line (start -1 -0.6) (end 1 -0.6) (layer B.Fab) (width 0.1))
    (fp_line (start 1 -0.6) (end 1 0.6) (layer B.Fab) (width 0.1))
    (fp_line (start 1 0.96) (end -1.86 0.96) (layer B.SilkS) (width 0.12))
    (fp_line (start -1.86 0.96) (end -1.86 -0.96) (layer B.SilkS) (width 0.12))
    (fp_line (start -1.86 -0.96) (end 1 -0.96) (layer B.SilkS) (width 0.12))
    (fp_line (start -1.85 -0.95) (end -1.85 0.95) (layer B.CrtYd) (width 0.05))
    (fp_line (start -1.85 0.95) (end 1.85 0.95) (layer B.CrtYd) (width 0.05))
    (fp_line (start 1.85 0.95) (end 1.85 -0.95) (layer B.CrtYd) (width 0.05))
    (fp_line (start 1.85 -0.95) (end -1.85 -0.95) (layer B.CrtYd) (width 0.05))
    (fp_text user %R (at 0 0 90) (layer B.Fab)
      (effects (font (size 0.5 0.5) (thickness 0.08)) (justify mirror))
    )
    (pad 1 smd roundrect (at -1.025 0 90) (size 1.15 1.4) (layers B.Cu B.Paste B.Mask) (roundrect_rratio 0.217391)
      (net 8 /Col1))
    (pad 2 smd roundrect (at 1.025 0 90) (size 1.15 1.4) (layers B.Cu B.Paste B.Mask) (roundrect_rratio 0.217391)
      (net 11 "Net-(D4-Pad2)"))
    (model ${KISYS3DMOD}/Diode_SMD.3dshapes/D_0805_2012Metric.wrl
      (at (xyz 0 0 0))
      (scale (xyz 1 1 1))
      (rotate (xyz 0 0 0))
    )
  )

  (module Capacitor_SMD:C_0805_2012Metric_Pad1.15x1.40mm_HandSolder (layer B.Cu) (tedit 5B36C52B) (tstamp 5C7C14A0)
    (at 80.763 70.866 180)
    (descr "Capacitor SMD 0805 (2012 Metric), square (rectangular) end terminal, IPC_7351 nominal with elongated pad for handsoldering. (Body size source: https://docs.google.com/spreadsheets/d/1BsfQQcO9C6DZCsRaXUlFlo91Tg2WpOkGARC1WS5S8t0/edit?usp=sharing), generated with kicad-footprint-generator")
    (tags "capacitor handsolder")
    (path /5C23DB03)
    (attr smd)
    (fp_text reference C1 (at 0 1.65 180) (layer B.SilkS)
      (effects (font (size 1 1) (thickness 0.15)) (justify mirror))
    )
    (fp_text value 22pF (at 0 -1.65 180) (layer B.Fab)
      (effects (font (size 1 1) (thickness 0.15)) (justify mirror))
    )
    (fp_text user %R (at 0 0 180) (layer B.Fab)
      (effects (font (size 0.5 0.5) (thickness 0.08)) (justify mirror))
    )
    (fp_line (start 1.85 -0.95) (end -1.85 -0.95) (layer B.CrtYd) (width 0.05))
    (fp_line (start 1.85 0.95) (end 1.85 -0.95) (layer B.CrtYd) (width 0.05))
    (fp_line (start -1.85 0.95) (end 1.85 0.95) (layer B.CrtYd) (width 0.05))
    (fp_line (start -1.85 -0.95) (end -1.85 0.95) (layer B.CrtYd) (width 0.05))
    (fp_line (start -0.261252 -0.71) (end 0.261252 -0.71) (layer B.SilkS) (width 0.12))
    (fp_line (start -0.261252 0.71) (end 0.261252 0.71) (layer B.SilkS) (width 0.12))
    (fp_line (start 1 -0.6) (end -1 -0.6) (layer B.Fab) (width 0.1))
    (fp_line (start 1 0.6) (end 1 -0.6) (layer B.Fab) (width 0.1))
    (fp_line (start -1 0.6) (end 1 0.6) (layer B.Fab) (width 0.1))
    (fp_line (start -1 -0.6) (end -1 0.6) (layer B.Fab) (width 0.1))
    (pad 2 smd roundrect (at 1.025 0 180) (size 1.15 1.4) (layers B.Cu B.Paste B.Mask) (roundrect_rratio 0.217391)
      (net 1 GND))
    (pad 1 smd roundrect (at -1.025 0 180) (size 1.15 1.4) (layers B.Cu B.Paste B.Mask) (roundrect_rratio 0.217391)
      (net 2 "Net-(C1-Pad1)"))
    (model ${KISYS3DMOD}/Capacitor_SMD.3dshapes/C_0805_2012Metric.wrl
      (at (xyz 0 0 0))
      (scale (xyz 1 1 1))
      (rotate (xyz 0 0 0))
    )
  )

  (module Capacitor_SMD:C_0805_2012Metric_Pad1.15x1.40mm_HandSolder (layer B.Cu) (tedit 5B36C52B) (tstamp 5C79D43A)
    (at 80.772 86.106 180)
    (descr "Capacitor SMD 0805 (2012 Metric), square (rectangular) end terminal, IPC_7351 nominal with elongated pad for handsoldering. (Body size source: https://docs.google.com/spreadsheets/d/1BsfQQcO9C6DZCsRaXUlFlo91Tg2WpOkGARC1WS5S8t0/edit?usp=sharing), generated with kicad-footprint-generator")
    (tags "capacitor handsolder")
    (path /5C23DB52)
    (attr smd)
    (fp_text reference C2 (at 0 1.65 180) (layer B.SilkS)
      (effects (font (size 1 1) (thickness 0.15)) (justify mirror))
    )
    (fp_text value 22pF (at 0 -1.65 180) (layer B.Fab)
      (effects (font (size 1 1) (thickness 0.15)) (justify mirror))
    )
    (fp_line (start -1 -0.6) (end -1 0.6) (layer B.Fab) (width 0.1))
    (fp_line (start -1 0.6) (end 1 0.6) (layer B.Fab) (width 0.1))
    (fp_line (start 1 0.6) (end 1 -0.6) (layer B.Fab) (width 0.1))
    (fp_line (start 1 -0.6) (end -1 -0.6) (layer B.Fab) (width 0.1))
    (fp_line (start -0.261252 0.71) (end 0.261252 0.71) (layer B.SilkS) (width 0.12))
    (fp_line (start -0.261252 -0.71) (end 0.261252 -0.71) (layer B.SilkS) (width 0.12))
    (fp_line (start -1.85 -0.95) (end -1.85 0.95) (layer B.CrtYd) (width 0.05))
    (fp_line (start -1.85 0.95) (end 1.85 0.95) (layer B.CrtYd) (width 0.05))
    (fp_line (start 1.85 0.95) (end 1.85 -0.95) (layer B.CrtYd) (width 0.05))
    (fp_line (start 1.85 -0.95) (end -1.85 -0.95) (layer B.CrtYd) (width 0.05))
    (fp_text user %R (at 0 0 180) (layer B.Fab)
      (effects (font (size 0.5 0.5) (thickness 0.08)) (justify mirror))
    )
    (pad 1 smd roundrect (at -1.025 0 180) (size 1.15 1.4) (layers B.Cu B.Paste B.Mask) (roundrect_rratio 0.217391)
      (net 3 "Net-(C2-Pad1)"))
    (pad 2 smd roundrect (at 1.025 0 180) (size 1.15 1.4) (layers B.Cu B.Paste B.Mask) (roundrect_rratio 0.217391)
      (net 1 GND))
    (model ${KISYS3DMOD}/Capacitor_SMD.3dshapes/C_0805_2012Metric.wrl
      (at (xyz 0 0 0))
      (scale (xyz 1 1 1))
      (rotate (xyz 0 0 0))
    )
  )

  (module Capacitor_SMD:C_0805_2012Metric_Pad1.15x1.40mm_HandSolder (layer B.Cu) (tedit 5B36C52B) (tstamp 5C79D44B)
    (at 62.23 69.215 180)
    (descr "Capacitor SMD 0805 (2012 Metric), square (rectangular) end terminal, IPC_7351 nominal with elongated pad for handsoldering. (Body size source: https://docs.google.com/spreadsheets/d/1BsfQQcO9C6DZCsRaXUlFlo91Tg2WpOkGARC1WS5S8t0/edit?usp=sharing), generated with kicad-footprint-generator")
    (tags "capacitor handsolder")
    (path /5C249381)
    (attr smd)
    (fp_text reference C3 (at 0 1.65 180) (layer B.SilkS)
      (effects (font (size 1 1) (thickness 0.15)) (justify mirror))
    )
    (fp_text value 1uF (at 0 -1.65 180) (layer B.Fab)
      (effects (font (size 1 1) (thickness 0.15)) (justify mirror))
    )
    (fp_text user %R (at 0 0 180) (layer B.Fab)
      (effects (font (size 0.5 0.5) (thickness 0.08)) (justify mirror))
    )
    (fp_line (start 1.85 -0.95) (end -1.85 -0.95) (layer B.CrtYd) (width 0.05))
    (fp_line (start 1.85 0.95) (end 1.85 -0.95) (layer B.CrtYd) (width 0.05))
    (fp_line (start -1.85 0.95) (end 1.85 0.95) (layer B.CrtYd) (width 0.05))
    (fp_line (start -1.85 -0.95) (end -1.85 0.95) (layer B.CrtYd) (width 0.05))
    (fp_line (start -0.261252 -0.71) (end 0.261252 -0.71) (layer B.SilkS) (width 0.12))
    (fp_line (start -0.261252 0.71) (end 0.261252 0.71) (layer B.SilkS) (width 0.12))
    (fp_line (start 1 -0.6) (end -1 -0.6) (layer B.Fab) (width 0.1))
    (fp_line (start 1 0.6) (end 1 -0.6) (layer B.Fab) (width 0.1))
    (fp_line (start -1 0.6) (end 1 0.6) (layer B.Fab) (width 0.1))
    (fp_line (start -1 -0.6) (end -1 0.6) (layer B.Fab) (width 0.1))
    (pad 2 smd roundrect (at 1.025 0 180) (size 1.15 1.4) (layers B.Cu B.Paste B.Mask) (roundrect_rratio 0.217391)
      (net 1 GND))
    (pad 1 smd roundrect (at -1.025 0 180) (size 1.15 1.4) (layers B.Cu B.Paste B.Mask) (roundrect_rratio 0.217391)
      (net 4 "Net-(C3-Pad1)"))
    (model ${KISYS3DMOD}/Capacitor_SMD.3dshapes/C_0805_2012Metric.wrl
      (at (xyz 0 0 0))
      (scale (xyz 1 1 1))
      (rotate (xyz 0 0 0))
    )
  )

  (module Capacitor_SMD:C_0805_2012Metric_Pad1.15x1.40mm_HandSolder (layer B.Cu) (tedit 5B36C52B) (tstamp 5C7A215F)
    (at 54.61 71.12 270)
    (descr "Capacitor SMD 0805 (2012 Metric), square (rectangular) end terminal, IPC_7351 nominal with elongated pad for handsoldering. (Body size source: https://docs.google.com/spreadsheets/d/1BsfQQcO9C6DZCsRaXUlFlo91Tg2WpOkGARC1WS5S8t0/edit?usp=sharing), generated with kicad-footprint-generator")
    (tags "capacitor handsolder")
    (path /5C26D474)
    (attr smd)
    (fp_text reference C4 (at 3.048 -0.254) (layer B.SilkS)
      (effects (font (size 1 1) (thickness 0.15)) (justify mirror))
    )
    (fp_text value 100nF (at 0 -1.65 270) (layer B.Fab)
      (effects (font (size 1 1) (thickness 0.15)) (justify mirror))
    )
    (fp_text user %R (at 0 0 270) (layer B.Fab)
      (effects (font (size 0.5 0.5) (thickness 0.08)) (justify mirror))
    )
    (fp_line (start 1.85 -0.95) (end -1.85 -0.95) (layer B.CrtYd) (width 0.05))
    (fp_line (start 1.85 0.95) (end 1.85 -0.95) (layer B.CrtYd) (width 0.05))
    (fp_line (start -1.85 0.95) (end 1.85 0.95) (layer B.CrtYd) (width 0.05))
    (fp_line (start -1.85 -0.95) (end -1.85 0.95) (layer B.CrtYd) (width 0.05))
    (fp_line (start -0.261252 -0.71) (end 0.261252 -0.71) (layer B.SilkS) (width 0.12))
    (fp_line (start -0.261252 0.71) (end 0.261252 0.71) (layer B.SilkS) (width 0.12))
    (fp_line (start 1 -0.6) (end -1 -0.6) (layer B.Fab) (width 0.1))
    (fp_line (start 1 0.6) (end 1 -0.6) (layer B.Fab) (width 0.1))
    (fp_line (start -1 0.6) (end 1 0.6) (layer B.Fab) (width 0.1))
    (fp_line (start -1 -0.6) (end -1 0.6) (layer B.Fab) (width 0.1))
    (pad 2 smd roundrect (at 1.025 0 270) (size 1.15 1.4) (layers B.Cu B.Paste B.Mask) (roundrect_rratio 0.217391)
      (net 1 GND))
    (pad 1 smd roundrect (at -1.025 0 270) (size 1.15 1.4) (layers B.Cu B.Paste B.Mask) (roundrect_rratio 0.217391)
      (net 5 VCC))
    (model ${KISYS3DMOD}/Capacitor_SMD.3dshapes/C_0805_2012Metric.wrl
      (at (xyz 0 0 0))
      (scale (xyz 1 1 1))
      (rotate (xyz 0 0 0))
    )
  )

  (module Capacitor_SMD:C_0805_2012Metric_Pad1.15x1.40mm_HandSolder (layer B.Cu) (tedit 5B36C52B) (tstamp 5C79D46D)
    (at 50.8 71.12 270)
    (descr "Capacitor SMD 0805 (2012 Metric), square (rectangular) end terminal, IPC_7351 nominal with elongated pad for handsoldering. (Body size source: https://docs.google.com/spreadsheets/d/1BsfQQcO9C6DZCsRaXUlFlo91Tg2WpOkGARC1WS5S8t0/edit?usp=sharing), generated with kicad-footprint-generator")
    (tags "capacitor handsolder")
    (path /5C26D4B4)
    (attr smd)
    (fp_text reference C5 (at 3.048 0 180) (layer B.SilkS)
      (effects (font (size 1 1) (thickness 0.15)) (justify mirror))
    )
    (fp_text value 100nF (at 0 -1.65 270) (layer B.Fab)
      (effects (font (size 1 1) (thickness 0.15)) (justify mirror))
    )
    (fp_line (start -1 -0.6) (end -1 0.6) (layer B.Fab) (width 0.1))
    (fp_line (start -1 0.6) (end 1 0.6) (layer B.Fab) (width 0.1))
    (fp_line (start 1 0.6) (end 1 -0.6) (layer B.Fab) (width 0.1))
    (fp_line (start 1 -0.6) (end -1 -0.6) (layer B.Fab) (width 0.1))
    (fp_line (start -0.261252 0.71) (end 0.261252 0.71) (layer B.SilkS) (width 0.12))
    (fp_line (start -0.261252 -0.71) (end 0.261252 -0.71) (layer B.SilkS) (width 0.12))
    (fp_line (start -1.85 -0.95) (end -1.85 0.95) (layer B.CrtYd) (width 0.05))
    (fp_line (start -1.85 0.95) (end 1.85 0.95) (layer B.CrtYd) (width 0.05))
    (fp_line (start 1.85 0.95) (end 1.85 -0.95) (layer B.CrtYd) (width 0.05))
    (fp_line (start 1.85 -0.95) (end -1.85 -0.95) (layer B.CrtYd) (width 0.05))
    (fp_text user %R (at 0 0 270) (layer B.Fab)
      (effects (font (size 0.5 0.5) (thickness 0.08)) (justify mirror))
    )
    (pad 1 smd roundrect (at -1.025 0 270) (size 1.15 1.4) (layers B.Cu B.Paste B.Mask) (roundrect_rratio 0.217391)
      (net 5 VCC))
    (pad 2 smd roundrect (at 1.025 0 270) (size 1.15 1.4) (layers B.Cu B.Paste B.Mask) (roundrect_rratio 0.217391)
      (net 1 GND))
    (model ${KISYS3DMOD}/Capacitor_SMD.3dshapes/C_0805_2012Metric.wrl
      (at (xyz 0 0 0))
      (scale (xyz 1 1 1))
      (rotate (xyz 0 0 0))
    )
  )

  (module Capacitor_SMD:C_0805_2012Metric_Pad1.15x1.40mm_HandSolder (layer B.Cu) (tedit 5C242FB7) (tstamp 5C7A21A0)
    (at 58.42 71.12 270)
    (descr "Capacitor SMD 0805 (2012 Metric), square (rectangular) end terminal, IPC_7351 nominal with elongated pad for handsoldering. (Body size source: https://docs.google.com/spreadsheets/d/1BsfQQcO9C6DZCsRaXUlFlo91Tg2WpOkGARC1WS5S8t0/edit?usp=sharing), generated with kicad-footprint-generator")
    (tags "capacitor handsolder")
    (path /5C26D540)
    (attr smd)
    (fp_text reference C7 (at 3.048 0) (layer B.SilkS)
      (effects (font (size 1 1) (thickness 0.15)) (justify mirror))
